100
4 3
4 5 6 4
4 2
4 5 6 4
3 3
1 1 1
100 3
8 70 85 48 67 18 10 4 25 2 68 58 97 38 92 56 37 38 97 53 89 83 38 31 4 85 22 85 97 73 64 97 16 25 61 28 52 49 49 28 16 55 80 68 25 83 95 61 4 83 45 94 7 31 28 40 79 89 21 43 10 7 73 24 6 7 74 44 19 80 13 87 84 85 94 13 28 98 92 57 58 15 73 76 69 16 59 49 25 31 25 1 10 70 32 9 79 56 5 40
20 3
71 64 52 76 43 97 68 68 80 35 10 43 50 91 7 91 44 70 94 17
100 3
34 87 95 46 49 86 20 97 97 41 31 78 63 33 94 22 67 2 50 49 92 83 53 76 73 31 24 28 59 28 91 95 52 43 19 3 59 57 70 74 65 1 23 79 5 53 47 16 52 50 53 61 30 78 18 97 44 28 7 16 92 16 25 64 28 72 19 85 56 85 61 52 13 80 68 67 91 7 11 32 85 73 40 17 88 87 38 92 22 19 14 97 13 15 31 98 68 17 85 61
100 3
91 37 23 86 4 11 98 19 94 64 68 38 8 53 59 68 91 82 61 5 20 40 13 47 59 46 58 47 68 46 43 94 47 47 97 5 19 86 77 1 44 83 70 10 53 11 44 40 34 32 35 40 26 38 80 80 41 1 73 37 16 64 10 62 64 71 46 82 7 86 32 77 82 61 56 98 95 17 4 2 44 7 86 31 82 26 14 59 92 97 67 13 88 74 74 38 74 55 14 89
100 3
56 59 24 22 48 80 80 95 10 8 29 89 8 26 17 84 53 46 9 11 95 32 83 25 50 74 47 46 53 88 41 11 80 49 59 56 5 83 22 20 83 9 83 78 61 97 58 87 23 20 63 80 85 92 47 37 2 11 91 89 65 42 43 72 69 11 5 47 86 29 95 82 15 60 92 86 47 98 88 43 32 28 58 30 25 52 17 62 41 35 19 62 44 83 91 47 19 73 71 50
100 3
7 65 76 74 76 62 13 68 49 89 31 84 50 77 47 11 11 53 17 14 9 22 19 71 28 20 73 53 11 34 35 8 32 6 70 29 12 72 29 94 85 11 23 47 71 46 20 40 53 29 14 71 43 71 55 98 38 11 4 9 65 87 16 44 43 79 77 20 29 16 70 91 25 62 18 86 62 80 89 72 71 29 17 42 39 65 19 50 17 95 2 47 84 35 65 58 41 62 85 55
19 2
52 77 7 30 65 45 90 26 61 88 74 63 45 79 30 6 98 28 72
100 3
53 32 47 67 90 83 23 9 12 55 44 22 62 67 15 34 21 57 79 82 63 65 26 15 25 70 10 59 65 9 50 72 97 23 79 63 3 93 55 5 81 91 26 37 86 81 33 57 2 28 71 91 25 13 25 83 3 91 39 53 78 74 21 93 6 36 14 85 87 32 11 47 63 18 6 19 43 86 47 91 36 58 89 61 10 76 76 13 61 26 60 26 35 80 30 81 92 3 43 85
100 3
39 88 83 62 57 43 67 50 59 30 92 14 96 80 8 50 13 66 64 8 56 22 70 71 58 2 46 73 97 68 47 5 19 91 20 13 75 14 21 17 94 90 71 37 36 32 2 46 23 6 4 92 86 89 44 98 83 98 35 44 26 58 8 98 52 44 75 23 38 96 23 9 14 59 35 17 72 26 50 98 80 38 11 71 12 89 53 73 1 72 56 22 98 14 32 33 9 65 3 59
100 3
8 38 41 44 8 35 60 43 40 91 89 38 25 94 71 95 2 53 77 52 74 20 28 26 77 26 29 79 8 80 86 55 4 26 37 80 72 59 83 40 86 11 71 25 86 53 65 37 79 91 37 28 11 62 41 41 1 95 30 46 31 68 62 44 47 20 83 80 60 78 59 3 94 44 23 53 44 82 53 23 1 2 33 35 65 84 20 5 35 56 77 62 20 74 89 95 44 71 8 53
100 3
92 22 75 89 59 38 22 31 77 52 72 1 70 94 29 48 2 32 49 28 64 18 22 79 97 37 82 13 66 62 31 49 49 74 43 19 31 97 64 34 85 4 55 75 34 53 25 91 67 76 61 75 77 55 22 52 64 1 67 1 96 38 80 97 89 1 68 75 94 44 29 24 28 82 92 85 58 55 59 68 10 35 97 44 1 4 77 54 4 40 58 86 67 40 83 37 25 71 60 4
100 3
87 20 5 44 17 44 36 37 52 34 29 94 34 85 13 76 87 37 88 71 91 27 1 11 97 85 56 49 70 85 90 85 55 32 89 67 90 50 28 97 97 65 75 43 19 85 30 34 79 88 10 41 88 13 47 2 50 28 38 7 29 97 42 70 43 57 93 66 44 11 29 83 13 64 94 29 82 17 8 37 11 31 73 22 29 76 19 34 97 79 95 83 1 10 65 26 40 82 61 59
100 3
11 4 50 7 4 8 92 26 5 44 8 68 88 41 72 8 19 20 74 92 81 53 22 53 2 47 79 50 19 64 37 40 14 71 8 65 98 83 22 80 31 22 50 8 9 56 93 64 10 3 85 17 2 20 53 41 2 2 91 14 20 39 80 17 73 14 65 98 39 32 8 7 2 6 89 20 36 58 2 23 96 61 93 57 74 38 91 48 14 58 61 60 35 8 61 32 20 43 18 85
2 3
85 76
100 3
62 41 7 44 89 25 55 86 26 51 56 38 5 44 53 95 83 59 19 59 1 41 53 80 55 92 56 53 35 47 53 74 80 59 47 29 89 17 86 8 54 33 77 68 80 41 86 49 38 15 62 1 92 56 68 95 74 25 50 71 94 53 62 46 41 92 52 41 16 38 17 19 37 59 78 66 56 22 94 50 12 9 97 98 80 83 95 77 1 65 25 16 74 42 59 11 71 59 29 96
100 3
31 1 64 40 48 10 49 40 19 80 88 52 72 26 57 19 4 31 97 64 31 88 28 61 43 29 88 44 62 1 64 43 12 64 79 68 28 49 22 1 82 38 50 49 59 31 41 61 10 48 44 43 88 37 91 73 22 10 67 32 98 50 36 52 20 16 85 60 34 47 28 8 35 47 10 53 77 88 57 2 28 97 22 14 67 70 29 23 85 25 64 22 6 54 87 23 86 44 40 31
100 3
10 21 58 7 28 10 46 76 62 88 67 44 61 64 24 91 19 11 37 4 97 19 2 40 64 88 46 49 22 51 62 25 16 8 61 70 46 49 1 90 38 71 31 83 85 7 25 76 79 56 46 83 58 71 77 1 41 93 40 87 79 35 53 35 11 7 28 31 40 37 91 70 41 42 39 18 10 16 73 15 52 46 25 82 76 41 5 77 43 79 61 49 18 55 19 60 92 31 31 95
100 3
59 94 61 62 98 19 20 88 59 95 74 48 23 53 85 27 34 89 71 7 31 62 62 41 91 89 32 61 92 35 14 33 92 65 29 50 70 51 2 60 2 77 35 13 56 48 47 16 80 63 22 68 55 55 35 2 41 65 73 64 98 14 65 16 58 92 62 59 74 11 83 23 85 96 42 2 44 29 53 25 6 89 14 41 94 8 26 52 90 46 22 11 26 62 62 4 11 20 11 70
100 3
71 12 50 43 71 47 6 61 44 54 23 47 85 52 14 16 52 26 59 67 29 80 91 67 17 49 77 30 47 54 25 11 89 26 89 78 71 43 10 21 47 55 20 58 15 38 86 7 73 34 38 48 73 89 71 38 32 32 5 97 12 71 74 7 41 8 38 46 28 26 50 50 8 86 58 8 5 86 29 32 84 85 8 52 62 47 55 86 92 83 98 56 51 89 37 73 23 20 14 20
100 3
7 9 68 31 63 64 68 76 53 28 34 43 25 6 20 1 19 68 47 91 97 65 97 91 53 69 98 95 76 88 94 7 52 71 58 7 21 79 43 47 12 55 19 40 34 88 68 4 49 58 34 94 35 73 40 98 10 39 41 7 58 56 11 56 29 82 4 7 32 63 10 69 90 97 31 53 94 16 91 19 71 55 71 70 13 46 93 62 97 19 55 50 31 19 56 37 13 22 28 82
100 3
4 22 9 83 79 79 84 47 85 44 79 96 22 49 75 2 63 31 17 56 83 72 1 1 25 79 43 39 91 31 2 70 30 51 43 95 7 23 77 12 58 32 88 3 28 43 39 26 43 5 70 65 5 28 55 97 82 17 70 19 26 86 78 82 96 89 66 21 55 59 67 55 28 70 34 37 84 83 55 73 89 97 25 29 62 67 53 85 82 85 86 11 37 40 59 74 73 4 19 22
100 3
4 21 13 64 37 28 78 35 40 37 47 75 93 43 83 40 10 55 38 79 34 63 74 28 58 48 19 24 73 73 46 74 10 49 65 74 55 46 63 85 50 22 79 7 82 55 94 38 52 5 4 44 46 10 92 4 70 77 86 24 7 47 1 11 67 73 95 70 16 94 28 37 31 65 64 58 23 3 29 28 64 47 82 55 62 20 67 62 94 46 45 32 85 90 8 56 7 94 16 61
100 3
86 61 57 28 53 80 92 94 44 65 2 89 53 58 73 76 2 96 53 56 68 43 7 44 25 71 26 17 47 78 23 65 76 97 14 26 11 44 52 56 11 5 34 80 2 83 43 77 49 40 96 53 83 32 35 92 62 14 8 29 14 22 87 57 32 86 23 11 50 2 80 33 59 50 87 23 98 82 20 50 8 38 41 36 62 95 65 35 56 50 28 98 89 13 47 14 77 78 67 85
100 3
9 38 80 5 92 8 38 79 78 73 26 77 79 7 44 11 10 8 41 12 29 65 7 6 2 5 81 95 11 83 53 19 35 43 38 29 59 64 59 71 11 71 22 41 5 98 20 68 83 91 1 82 86 35 74 83 42 81 61 62 73 75 95 42 71 41 94 14 98 32 65 4 32 2 73 35 89 6 60 31 41 55 74 94 51 25 34 29 21 98 45 72 77 89 47 71 32 40 87 47
25 3
31 13 98 1 10 94 23 26 49 19 10 32 49 94 89 82 94 5 71 88 4 88 31 47 13
100 3
45 20 10 53 13 33 91 52 28 56 18 79 79 46 43 61 52 11 48 10 73 57 61 50 88 28 46 54 16 79 45 89 14 82 41 10 55 94 25 43 93 10 31 88 59 52 70 53 79 55 86 35 13 85 50 14 94 43 98 82 41 16 22 67 20 37 25 49 41 67 75 85 53 4 44 37 86 58 19 14 79 13 22 10 70 77 25 73 80 59 67 73 64 89 10 19 55 58 46 40
14 3
5 62 94 93 59 28 41 40 94 97 28 58 10 32
100 3
29 83 92 91 14 14 16 2 50 89 92 10 14 14 44 95 14 89 35 20 71 60 28 89 98 77 29 59 59 8 76 83 26 3 71 76 52 85 16 87 10 95 2 8 67 77 14 41 86 58 4 26 8 26 86 5 57 65 7 49 38 29 44 96 25 82 93 54 91 26 51 62 17 87 97 83 13 26 19 98 12 50 68 40 62 92 94 2 95 89 15 4 42 19 87 95 94 65 14 68
100 3
58 84 34 66 52 70 34 76 80 46 73 46 3 73 50 91 64 74 98 37 42 52 79 16 77 67 13 8 1 18 95 89 88 4 20 31 82 49 46 19 91 98 94 1 37 71 70 52 80 50 65 19 20 22 95 52 28 10 65 2 46 84 26 43 85 63 9 43 15 22 7 22 64 31 10 5 50 37 40 62 64 41 49 22 43 49 80 88 83 69 91 13 7 37 52 94 28 43 16 74
100 3
81 14 16 94 7 27 22 16 42 64 61 40 50 26 24 10 67 88 85 1 52 51 43 61 94 54 55 28 82 80 38 67 76 85 19 71 22 82 88 40 81 79 88 22 37 46 14 76 46 35 88 80 11 25 65 46 81 43 44 37 32 17 29 31 85 61 13 97 25 97 73 1 41 5 55 88 52 91 8 91 4 88 58 97 4 21 52 76 5 20 97 94 93 63 25 46 28 40 38 98
100 3
62 76 81 54 35 35 1 32 58 94 56 16 94 15 55 82 4 49 4 58 46 31 78 48 7 63 73 70 94 50 53 28 2 40 82 10 10 29 43 36 28 94 38 52 94 28 23 46 53 84 59 38 61 83 46 50 67 16 46 79 1 34 39 94 58 75 98 84 49 76 23 52 31 40 91 7 28 16 95 55 13 25 42 77 80 1 88 97 10 80 37 43 31 94 25 81 25 82 79 94
100 3
28 43 35 39 67 98 66 67 86 39 20 16 26 35 35 14 95 92 38 80 41 40 47 80 83 71 65 97 86 6 86 58 92 22 11 89 35 36 55 16 68 22 97 69 34 44 37 71 80 95 32 30 20 60 41 87 80 33 92 31 19 26 57 11 43 2 61 64 74 50 20 35 17 14 92 50 71 71 94 46 95 10 71 93 91 89 50 28 29 95 11 72 86 30 8 92 58 73 89 80
100 3
29 29 73 20 41 69 71 8 88 83 73 22 68 2 31 65 29 87 93 55 50 44 38 48 56 92 28 85 23 28 25 38 4 71 2 41 20 14 8 19 41 45 49 77 44 49 80 98 80 74 89 95 35 41 89 43 8 35 11 83 50 47 83 89 55 47 46 35 20 7 55 79 20 44 31 98 38 29 8 74 41 23 72 92 28 65 56 95 76 8 11 14 55 83 64 19 77 82 77 62
100 3
16 55 79 4 24 37 77 98 14 37 23 4 75 24 9 14 71 80 74 52 34 28 27 1 43 1 58 59 40 70 54 1 7 51 85 58 89 76 10 54 28 58 16 16 56 46 73 97 4 73 26 88 1 40 76 94 46 33 14 43 62 64 64 62 34 17 87 87 4 67 64 62 1 68 97 88 38 86 85 41 93 92 43 25 23 17 6 20 2 52 67 56 97 25 85 74 46 66 80 22
15 3
16 39 80 70 55 74 67 2 95 37 41 86 1 53 55
100 3
2 72 97 98 55 10 98 32 22 53 11 50 32 89 71 44 36 49 26 72 65 1 50 3 32 50 49 36 46 4 71 69 56 95 58 41 65 96 9 7 33 41 59 49 34 7 20 26 44 67 80 55 13 81 58 47 89 92 17 25 41 34 14 95 59 88 62 80 20 38 26 2 74 24 73 28 56 53 90 53 25 46 32 34 29 47 65 38 32 62 39 95 47 31 8 31 43 83 9 74
24 3
68 11 74 14 56 67 20 50 14 58 73 1 92 17 1 19 56 49 80 25 38 47 5 51
100 3
67 95 73 67 85 29 58 25 45 88 41 76 74 41 32 62 40 84 74 38 49 8 41 56 40 11 13 40 13 47 38 71 20 29 4 38 50 89 71 50 53 20 71 74 16 71 14 21 86 8 95 79 26 26 38 20 47 32 98 52 43 62 62 1 68 68 50 98 59 53 80 72 50 20 11 71 2 28 25 82 11 43 7 71 95 74 83 83 92 31 83 4 77 93 71 11 1 1 62 11
100 3
22 94 9 73 52 55 25 61 94 7 8 67 52 85 1 62 97 40 61 93 22 10 26 49 37 91 10 43 88 65 61 40 4 42 10 79 19 13 88 88 85 25 49 7 7 13 37 49 84 66 10 4 33 16 93 79 58 91 31 49 58 1 25 29 27 28 70 55 64 7 46 85 46 2 79 1 79 59 41 43 98 84 43 25 72 2 29 37 58 94 49 19 88 14 97 17 61 89 49 37
15 3
37 28 95 91 47 67 44 4 77 26 80 14 46 16 8
100 3
26 74 80 92 11 71 9 78 47 26 95 73 35 53 40 77 83 35 6 44 97 47 98 85 13 47 47 83 71 29 98 91 71 71 5 2 95 85 11 2 41 95 38 59 10 61 2 59 16 2 89 41 38 23 47 38 71 69 73 36 64 37 56 26 75 8 37 83 68 36 62 8 77 14 53 68 19 65 86 31 86 36 26 74 8 25 61 77 32 11 38 5 83 69 50 88 81 86 80 97
100 3
79 46 83 62 1 50 90 13 11 55 89 46 20 92 44 94 56 40 80 56 29 29 68 33 53 27 52 41 2 57 43 77 71 76 11 86 20 22 5 38 74 83 91 85 23 83 53 35 2 59 85 38 32 44 56 41 76 5 23 44 74 34 71 19 41 47 77 94 89 97 35 47 26 17 79 67 8 57 25 17 71 74 10 14 41 92 57 8 65 32 86 38 79 37 62 83 41 66 95 93
100 3
93 64 55 56 31 79 73 1 1 26 26 95 79 94 58 46 13 67 58 42 12 85 45 22 72 11 51 82 28 98 14 43 22 88 63 58 80 7 25 77 43 92 55 58 26 45 82 73 97 73 4 28 35 67 55 94 94 88 35 89 89 59 32 37 85 43 48 87 76 97 11 94 14 4 58 16 25 31 58 55 13 61 97 52 95 89 6 21 5 39 68 46 10 71 67 82 32 70 10 4
100 3
37 10 37 88 16 72 54 7 76 40 55 82 41 37 1 52 19 77 25 56 37 59 29 32 11 28 79 18 94 41 70 61 62 34 38 25 28 37 17 80 75 62 75 94 81 29 89 26 52 47 70 4 8 59 44 46 66 79 56 49 28 67 10 28 64 25 10 8 72 53 2 58 80 98 8 31 79 73 22 91 82 19 80 56 70 86 95 83 30 56 27 64 13 16 85 43 47 59 91 67
3 3
17 29 98
100 3
16 92 24 55 94 10 16 32 49 68 73 65 29 25 67 4 52 76 79 43 19 22 88 52 5 11 61 98 37 43 73 56 53 91 76 64 25 64 22 34 40 76 16 98 56 8 79 65 70 86 59 9 88 55 85 16 37 28 11 9 1 73 57 44 82 58 70 37 7 34 38 53 45 82 94 91 77 95 79 97 23 10 61 58 52 25 61 74 98 46 28 26 5 77 29 91 25 82 1 10
100 3
7 75 81 73 46 59 91 17 77 29 8 34 64 70 76 63 50 88 67 52 7 52 65 91 25 46 19 83 22 85 70 4 85 63 7 25 86 64 34 5 4 23 71 58 10 41 42 29 22 49 71 7 32 10 50 34 55 12 4 42 25 23 10 5 77 13 22 25 21 61 22 1 67 98 45 82 98 97 43 76 91 7 5 58 91 40 90 78 34 25 69 17 44 20 8 53 2 82 33 73
100 3
47 54 86 98 51 11 83 58 14 20 71 2 56 32 76 75 77 95 33 86 62 26 31 43 13 53 29 82 96 20 35 54 47 89 54 76 41 35 80 5 22 73 16 8 93 77 29 92 8 28 26 62 65 17 53 88 17 68 60 97 35 65 92 56 9 6 41 81 5 8 43 44 60 8 10 37 26 70 34 73 95 73 32 47 95 50 32 20 56 44 80 50 11 87 73 70 77 50 41 56
1 3
12
100 3
71 19 7 47 72 58 25 88 25 98 34 23 26 26 90 73 71 71 67 22 29 47 28 1 35 41 74 71 73 23 98 73 85 70 43 86 17 10 93 40 73 40 92 47 10 97 46 16 62 58 25 26 84 32 61 38 80 8 62 20 88 79 47 97 91 82 1 38 64 9 40 85 22 96 5 55 61 53 76 55 49 13 65 43 54 22 49 48 8 56 19 88 95 77 77 95 44 76 1 37
1 2
76
100 3
26 89 35 2 34 92 38 5 70 62 14 67 14 58 23 65 29 85 77 67 31 40 34 97 17 13 80 97 62 25 94 35 23 92 94 14 92 59 16 88 97 91 98 56 91 13 34 88 25 52 70 16 47 65 68 65 70 34 31 43 62 4 25 8 40 20 41 26 16 77 16 22 50 7 37 14 10 22 64 94 62 20 53 73 16 26 26 64 77 1 67 71 41 74 20 94 64 65 86 17
100 3
71 11 52 80 23 89 70 2 11 20 15 13 44 65 44 8 36 22 91 68 36 61 59 68 98 44 65 92 8 28 26 64 87 98 71 53 68 78 4 72 70 39 5 13 30 80 55 35 53 64 34 77 86 73 42 85 78 74 25 5 80 28 13 65 71 44 40 79 97 2 14 86 34 2 51 32 5 8 68 76 62 64 26 35 22 9 54 98 34 26 53 38 77 97 49 59 60 81 74 17
21 3
16 80 60 31 79 98 92 93 91 53 92 20 44 11 5 13 56 71 26 38 56
100 3
89 75 68 52 19 19 31 94 41 49 61 64 91 55 79 92 97 27 61 37 16 59 73 59 34 25 60 70 62 32 22 4 94 19 86 43 82 76 94 7 89 39 25 85 83 22 16 88 67 46 91 24 82 79 52 50 1 34 62 88 55 16 19 79 22 67 67 14 4 4 35 82 49 71 10 94 52 46 47 5 7 22 1 28 17 78 68 32 19 55 89 56 53 11 79 58 82 93 55 82
1 3
28
100 3
65 91 70 47 46 80 95 42 40 85 17 10 95 38 98 78 70 61 37 94 8 74 79 78 43 26 43 82 39 67 29 46 90 71 67 11 68 70 34 1 32 7 33 44 27 31 54 82 10 47 32 53 11 12 10 40 2 77 27 55 26 52 29 68 74 71 2 77 92 71 41 23 41 65 2 60 95 70 68 11 5 86 59 55 32 62 58 70 37 92 1 41 61 62 43 86 40 65 98 95
2 2
37 31
100 3
74 38 82 60 82 88 85 92 65 31 53 74 8 79 85 75 14 13 44 35 92 50 86 61 78 92 49 65 8 90 97 62 69 59 65 20 23 1 22 67 95 35 87 2 80 23 4 76 58 97 22 5 86 32 94 29 90 23 47 23 44 50 23 76 13 14 68 48 71 5 11 13 16 56 82 62 20 50 7 98 17 88 46 20 18 38 52 17 56 81 56 47 94 68 5 42 74 98 67 28
100 3
2 33 2 7 13 70 82 76 7 77 70 85 31 39 16 22 2 73 56 49 64 94 46 89 76 22 55 85 47 53 55 97 22 61 55 8 94 59 31 31 44 73 1 89 46 7 38 67 59 51 82 4 2 52 26 70 14 8 76 42 76 79 67 62 79 7 16 15 34 25 61 45 74 88 28 46 73 10 46 64 61 79 24 70 1 22 22 94 88 3 49 3 82 56 62 85 13 91 49 22
100 3
25 50 25 74 5 55 59 73 40 10 84 53 29 65 2 79 17 41 20 5 80 53 14 14 83 2 16 66 86 19 71 89 10 41 74 71 36 50 71 59 11 62 14 35 68 33 4 96 57 86 8 17 22 76 14 43 83 29 28 56 47 2 89 48 61 71 26 50 32 2 62 65 96 98 17 47 1 27 20 44 91 57 41 69 35 94 60 8 30 82 39 65 71 97 32 34 59 49 51 97
10 3
98 2 49 29 28 53 97 80 28 16
2 3
95 23
100 3
70 16 35 73 41 66 13 6 13 37 34 51 30 35 20 76 88 25 93 81 91 74 8 25 13 25 85 75 36 85 19 15 22 97 35 58 55 75 86 55 47 46 92 47 31 16 76 83 35 18 42 58 37 40 66 7 25 88 42 64 4 80 24 35 10 22 47 77 64 43 36 4 64 57 41 79 85 37 43 98 46 88 55 46 83 55 1 25 74 11 25 69 19 1 61 10 10 85 82 67
100 3
67 20 70 44 76 34 71 83 73 23 2 13 58 73 82 51 59 55 76 13 22 79 37 82 32 49 67 97 58 38 13 70 68 40 35 62 53 46 11 59 62 88 32 40 47 44 19 58 31 49 50 70 4 76 10 69 55 40 86 20 7 10 34 78 70 16 63 37 13 70 50 35 4 37 64 46 74 63 20 37 53 68 88 91 88 43 7 45 61 16 67 25 23 27 58 71 30 19 1 29
100 3
32 28 41 95 20 17 34 98 71 21 38 35 38 13 44 89 53 32 5 2 23 26 94 2 41 53 5 68 14 38 86 79 46 40 11 89 53 20 37 68 54 37 34 77 59 56 14 30 63 52 32 70 1 86 20 76 50 37 28 23 83 92 50 46 77 89 65 31 89 95 20 85 2 55 86 97 11 89 62 10 66 35 49 33 39 40 62 95 89 83 8 62 58 91 89 79 67 11 47 63
100 3
52 52 7 25 79 34 76 93 37 13 52 20 27 36 64 79 31 92 10 16 4 86 87 98 13 23 58 10 37 80 16 17 46 19 16 19 85 39 81 60 8 70 84 49 13 16 85 7 66 16 55 64 94 43 31 85 13 52 46 25 64 61 79 64 52 1 85 31 88 85 85 49 16 40 49 67 20 79 81 25 10 1 13 79 73 61 52 29 19 76 67 1 4 38 88 31 5 14 79 13
1 3
8
100 3
86 4 69 62 26 37 13 80 68 91 88 37 94 16 57 52 14 19 47 56 44 97 76 29 58 28 47 46 67 87 77 1 50 31 97 47 17 52 29 11 89 11 68 14 82 68 46 63 11 71 82 26 82 32 77 64 38 41 4 14 50 68 68 68 91 44 17 80 95 67 66 31 32 95 92 37 89 40 86 90 95 56 65 2 82 61 75 31 56 5 5 75 41 26 44 11 41 12 47 65
17 3
10 12 7 20 46 6 58 77 62 70 98 45 83 56 23 9 16
100 3
50 83 86 90 10 66 1 46 31 46 62 8 74 64 96 58 83 79 33 19 32 37 38 5 31 36 65 29 80 35 41 26 20 8 26 79 5 29 44 92 67 8 85 61 6 8 89 71 50 55 38 47 65 22 92 40 11 87 68 30 44 77 22 47 49 29 24 86 38 74 83 11 42 14 56 68 89 62 59 50 79 65 4 7 88 2 17 39 32 92 43 77 14 73 41 77 98 14 89 88
100 3
68 4 25 4 53 5 31 31 49 49 4 76 91 79 48 17 21 71 1 91 62 77 92 85 16 11 46 1 37 46 74 45 73 89 19 1 55 25 55 52 98 52 1 13 92 19 87 31 44 28 49 89 46 55 41 40 65 58 13 68 61 70 25 64 97 19 83 66 63 19 95 67 18 74 46 40 85 91 24 37 2 31 42 97 1 74 20 58 98 98 32 85 18 82 94 85 49 10 91 2
100 3
19 43 23 97 75 36 76 4 32 83 27 52 70 7 70 34 77 27 40 46 7 74 76 23 91 29 15 61 69 79 97 56 17 87 22 53 70 98 73 77 16 41 35 88 31 51 19 36 17 78 94 76 44 10 67 85 29 49 95 8 76 30 31 60 79 40 76 57 28 20 34 28 41 67 26 86 7 6 41 76 53 64 14 13 47 43 31 17 92 88 28 71 79 43 27 16 26 16 14 76
100 3
50 75 4 53 4 71 8 92 45 48 91 2 47 50 5 52 5 23 12 41 9 70 28 58 21 2 53 94 19 11 14 26 93 20 37 88 36 23 92 40 24 8 90 11 74 14 35 69 29 92 14 94 76 47 56 41 46 47 15 88 89 30 4 46 70 8 49 38 98 82 98 80 70 50 13 2 29 37 82 52 26 82 89 7 53 2 56 90 98 11 37 82 95 23 92 32 35 41 20 19
100 3
17 26 65 98 29 98 68 32 98 83 68 56 97 80 83 94 40 50 2 48 47 56 32 56 23 89 85 52 83 8 40 65 65 28 53 79 38 83 51 5 92 50 60 77 77 44 36 86 92 38 95 5 23 85 17 51 47 68 20 59 35 53 51 71 28 64 89 5 7 32 47 26 35 61 52 59 52 64 47 35 29 47 50 28 22 67 41 8 26 16 7 34 47 25 62 77 80 27 17 85
100 2
5 7 37 39 87 65 47 10 71 50 33 4 66 31 64 56 24 89 58 72 98 86 89 92 33 75 36 87 83 86 92 80 56 26 65 10 36 3 74 44 34 68 51 99 98 59 16 98 94 81 27 3 79 35 46 95 53 16 60 75 56 75 52 58 11 47 89 64 27 8 64 81 18 62 95 40 33 9 41 97 46 69 28 64 65 43 97 59 10 23 22 49 64 37 11 46 30 18 98 11
100 3
8 64 10 62 22 76 29 44 8 19 2 23 10 35 20 89 87 34 8 41 55 82 24 28 90 71 17 96 26 17 19 35 14 46 89 19 76 62 29 38 53 84 5 62 8 14 23 65 43 7 95 47 37 92 97 5 7 67 83 9 73 54 67 32 32 43 64 59 47 53 89 49 26 23 32 77 76 23 71 4 3 67 44 76 89 83 76 8 89 58 2 69 46 77 2 81 38 43 37 32
100 3
96 50 86 79 91 85 38 26 26 74 8 61 67 65 68 79 38 2 98 89 61 96 23 93 62 80 26 48 95 50 97 68 12 71 19 44 62 89 94 71 56 8 8 29 97 64 37 48 23 2 85 14 92 2 71 81 5 55 8 2 38 68 92 73 94 47 32 14 44 59 95 50 57 8 51 89 20 80 41 23 98 59 73 64 60 47 35 29 31 97 65 69 27 11 71 38 91 31 32 31
17 3
83 97 94 29 78 43 7 27 38 22 83 66 65 55 73 71 71
100 3
78 80 1 50 5 50 35 47 28 77 4 29 61 48 2 38 43 80 1 58 5 44 80 2 85 67 55 49 40 92 26 49 20 86 80 19 80 8 38 95 70 25 41 44 44 59 23 74 20 77 47 47 74 92 59 77 98 44 92 28 23 76 91 47 32 4 44 4 67 82 57 50 37 24 83 30 26 94 41 80 5 8 17 77 77 11 38 92 84 2 14 26 49 83 89 2 89 71 46 13
100 3
45 3 34 73 48 26 87 46 70 46 33 24 94 85 82 95 28 91 88 98 12 1 19 61 71 98 65 14 64 19 34 49 67 14 49 34 58 18 25 27 91 64 39 43 59 79 7 70 94 67 56 49 6 40 52 64 94 61 70 32 46 85 43 70 81 56 57 43 43 89 79 88 25 49 97 58 67 17 46 7 74 82 25 67 22 46 34 37 56 79 7 52 85 61 70 43 25 43 41 85
100 3
78 88 89 64 67 57 90 86 10 73 19 49 35 77 13 79 10 22 31 68 31 40 29 22 46 79 70 80 43 61 25 64 95 79 82 77 72 22 13 63 58 46 55 73 94 49 31 94 16 28 62 87 59 13 16 16 14 48 88 23 13 71 59 4 59 33 23 37 36 82 47 34 40 53 34 2 52 64 1 10 25 29 7 37 37 1 64 17 43 25 46 5 91 83 9 67 49 91 76 59
100 3
66 5 88 91 62 65 22 37 80 44 53 7 30 94 78 1 67 59 88 48 8 54 74 41 64 61 80 29 14 29 31 65 17 1 32 12 82 59 50 41 58 79 3 86 20 65 31 33 5 78 62 89 71 86 89 50 44 31 38 7 98 86 77 70 60 63 41 77 18 4 47 35 90 26 66 43 11 65 74 26 31 88 14 57 69 23 5 11 89 49 80 10 65 96 28 32 68 83 58 68
100 3
44 68 60 31 80 76 3 88 67 91 68 80 20 82 25 1 80 64 94 44 88 62 79 40 43 13 70 4 70 54 16 14 4 64 52 61 79 19 65 94 98 46 61 91 62 37 30 58 62 46 4 8 28 56 19 79 2 23 50 55 16 60 25 73 83 18 79 55 62 93 98 59 98 57 88 25 55 43 26 55 73 4 47 64 71 4 61 88 57 39 20 64 71 67 40 55 58 28 19 2
100 3
70 79 56 31 58 33 70 19 10 41 85 93 52 64 15 43 98 13 13 85 71 97 76 71 4 68 52 84 82 8 76 14 62 5 17 82 8 85 43 5 43 47 80 43 85 1 31 88 63 88 59 2 16 50 45 25 55 68 52 67 88 34 93 59 31 58 16 31 16 49 35 92 42 94 85 97 53 98 82 7 32 87 58 61 67 16 19 95 65 2 52 32 32 76 76 59 64 95 43 26
100 3
5 5 91 48 17 77 57 53 2 34 58 7 18 86 16 17 81 12 64 94 11 40 43 92 82 24 73 98 58 50 62 14 73 90 5 76 73 6 65 5 65 94 1 95 59 68 68 96 48 92 65 30 47 86 26 92 10 47 62 88 35 3 37 92 92 26 87 2 74 89 26 43 77 26 6 62 65 74 44 56 71 41 98 6 14 53 68 85 95 94 92 80 48 60 85 47 83 50 35 17
21 3
28 3 74 75 46 14 55 35 2 46 76 54 58 94 37 67 10 69 70 20 52
100 3
25 41 35 12 59 14 11 14 35 77 68 58 24 13 47 53 29 55 77 33 93 83 74 51 57 54 2 71 3 74 6 25 53 54 29 22 41 95 28 65 46 2 38 77 77 38 89 40 76 39 87 11 35 86 77 5 17 26 92 47 23 81 92 66 37 38 56 57 31 47 32 82 58 14 89 38 42 35 64 50 77 17 40 77 72 2 89 50 68 17 80 32 62 41 34 89 71 62 44 89
100 3
83 57 38 28 6 23 17 77 57 97 5 4 76 65 29 26 17 98 52 14 69 60 32 78 26 79 82 83 17 74 1 40 3 80 17 45 92 44 31 78 1 49 8 72 38 40 13 53 64 32 53 1 83 11 92 10 44 92 4 41 48 14 57 10 55 68 61 2 53 59 73 59 65 62 11 44 50 74 22 65 82 63 15 8 29 59 41 85 23 31 98 35 38 8 65 80 10 65 11 88
100 3
5 23 73 20 59 74 85 7 91 7 97 29 25 19 44 29 5 36 70 11 10 32 63 17 4 92 53 38 50 10 64 90 16 26 91 89 37 11 79 7 85 48 46 37 22 25 89 98 55 91 22 88 50 25 5 7 58 32 28 81 44 64 13 53 36 79 43 64 83 64 4 91 14 50 49 37 72 7 10 34 56 80 41 49 48 70 32 82 58 1 40 45 82 2 46 76 59 11 43 37
100 3
41 38 28 9 74 85 34 64 1 64 55 31 37 43 41 50 19 67 9 94 46 49 17 75 8 49 19 62 19 10 10 58 70 26 50 41 23 86 46 19 28 70 49 10 88 58 61 44 17 74 10 82 89 19 16 23 55 27 64 28 8 51 7 73 10 85 40 73 73 88 43 43 7 28 77 49 62 76 79 73 67 34 10 98 49 29 16 67 78 85 73 47 76 97 55 61 79 46 64 83
100 3
53 86 9 26 5 83 47 8 68 79 57 92 54 4 71 11 4 68 89 15 55 74 23 21 16 95 11 65 48 20 35 46 62 60 83 81 73 8 64 29 46 2 38 86 95 3 37 90 49 53 22 34 70 53 92 8 76 54 65 28 46 32 90 68 52 77 67 86 59 41 98 86 91 80 41 96 23 30 39 82 80 47 68 1 16 50 49 32 71 76 20 86 38 96 41 2 56 1 8 11
100 3
2 49 96 60 50 44 86 1 93 86 84 35 68 20 65 29 80 38 2 22 52 4 53 94 49 41 82 86 77 5 65 83 29 77 98 31 2 86 88 53 98 22 68 53 16 26 98 88 23 17 10 65 47 7 68 61 43 2 58 80 34 22 35 89 90 77 52 38 11 68 65 85 77 28 57 23 71 89 30 86 32 52 68 76 37 44 20 60 62 19 56 44 53 47 17 41 95 47 53 5
18 3
38 22 25 47 24 29 44 41 49 28 32 73 5 64 76 58 46 17
20 2
57 19 95 42 74 92 86 52 57 94 35 8 80 3 75 61 88 58 70 17
100 3
62 26 20 11 95 68 97 62 16 20 73 77 26 44 43 92 44 33 35 63 56 58 62 23 10 11 50 71 14 79 77 73 14 11 59 35 25 6 15 22 61 38 63 80 16 25 17 48 29 20 95 93 53 98 62 55 41 44 47 82 14 74 77 52 92 31 65 26 74 20 18 41 47 92 89 18 98 44 62 88 11 40 52 14 77 29 46 41 2 73 12 17 80 47 59 39 67 53 17 62
1 2
65
