100
4 3
4 5 6 4
4 2
4 5 6 4
3 3
1 1 1
100 3
62 92 38 67 67 8 15 53 23 74 58 50 4 92 6 42 26 19 74 87 43 5 68 8 89 25 23 62 56 38 41 93 86 95 65 65 11 97 71 72 17 62 41 78 44 95 94 50 85 19 71 3 97 79 9 9 14 65 7 68 83 32 15 59 47 93 85 95 58 1 2 48 95 22 98 91 92 24 75 73 48 97 20 91 83 56 59 69 62 5 25 2 1 32 65 17 19 23 73 58
100 3
35 47 30 74 70 26 64 40 47 74 29 40 8 65 14 97 17 29 89 85 51 31 86 29 47 47 2 95 62 61 71 58 76 91 14 25 13 53 95 43 32 41 30 88 89 35 82 24 68 23 22 14 6 67 86 98 5 23 59 85 25 1 43 56 35 40 44 41 15 65 41 79 77 83 11 56 71 65 2 11 95 73 49 73 11 79 13 13 55 88 53 77 83 62 63 98 59 35 11 35
100 3
70 70 61 83 50 45 20 73 98 49 54 35 41 31 1 88 74 17 89 35 62 93 46 14 76 4 41 58 81 4 42 69 70 16 71 67 13 41 37 64 23 35 20 55 86 32 89 53 25 58 67 1 25 8 94 67 35 70 56 55 98 29 70 97 31 29 75 68 96 91 62 42 85 25 77 16 40 17 29 91 79 19 8 76 79 35 14 88 97 42 23 86 98 36 40 56 80 46 4 23
14 3
1 7 74 13 43 11 70 68 2 91 59 59 95 79
100 3
76 89 35 52 49 88 17 10 15 67 94 92 85 8 96 76 62 8 7 98 88 65 14 76 57 56 84 94 74 70 4 44 19 51 37 16 79 92 23 10 26 10 76 62 58 13 40 67 78 73 77 61 28 41 88 51 41 7 70 91 31 1 49 7 25 71 52 9 61 62 58 38 94 13 35 67 61 61 82 53 95 76 87 28 94 76 91 10 97 8 1 97 40 76 88 28 22 19 58 52
100 3
34 52 23 69 5 32 39 8 52 33 1 5 35 70 49 64 97 6 7 73 97 20 89 98 76 31 4 16 55 2 71 80 67 95 67 52 25 7 25 46 52 88 94 6 82 31 37 92 29 82 46 73 85 31 10 26 4 4 40 94 68 55 79 56 93 43 29 49 53 38 40 28 79 28 17 52 45 49 95 61 29 82 73 49 67 92 22 82 39 53 19 24 56 64 19 31 80 39 40 10
100 3
67 2 38 32 19 41 20 51 22 2 17 68 8 23 74 91 44 2 17 25 60 68 52 23 98 23 74 20 67 74 67 13 89 22 41 2 17 80 82 80 37 21 26 17 32 8 83 15 92 40 92 80 80 14 28 50 20 96 71 3 11 32 73 73 86 32 92 5 68 19 61 8 80 5 86 20 34 60 85 78 95 65 65 59 29 44 22 2 52 11 62 92 1 55 83 83 22 56 94 43
1 2
70
100 3
29 67 16 53 74 91 38 68 52 47 33 71 41 94 47 95 72 23 84 41 35 55 15 26 8 27 98 56 53 64 83 11 44 44 65 59 80 56 82 98 85 54 22 47 5 86 14 77 10 92 92 64 85 37 11 27 64 72 49 53 39 75 50 42 69 14 76 23 25 44 11 8 19 56 56 69 53 17 56 94 98 35 7 4 14 67 82 44 14 51 98 75 52 62 50 32 1 27 89 68
100 3
79 37 33 7 67 94 43 71 68 95 82 70 10 34 9 76 29 37 97 79 50 29 40 50 70 37 2 88 46 65 43 7 17 49 85 5 22 51 67 4 73 61 10 4 23 28 53 93 64 70 49 13 43 10 41 31 52 64 4 86 61 10 98 64 71 48 36 49 97 63 64 97 31 52 13 76 76 77 16 4 88 52 31 80 19 77 32 79 36 43 97 16 91 22 46 13 26 79 67 45
100 3
20 38 83 59 83 26 74 56 32 32 91 19 10 82 35 41 56 95 28 22 86 44 23 23 98 78 47 14 30 61 14 14 47 31 35 33 92 68 83 95 65 14 89 45 43 3 20 1 94 4 9 79 8 62 29 11 82 88 35 71 49 2 27 64 77 73 14 85 32 17 11 80 80 29 65 67 86 98 89 32 15 41 31 5 62 57 2 17 3 5 58 89 46 20 58 95 82 35 95 53
100 3
89 91 24 14 91 51 73 61 94 76 18 83 96 1 28 10 85 10 60 70 52 28 56 20 81 89 49 83 32 88 8 27 22 5 37 75 76 35 52 67 6 40 4 41 7 27 90 58 42 4 76 42 47 67 35 13 65 15 79 23 76 56 55 88 22 66 35 82 21 91 68 54 37 52 3 7 57 55 28 70 19 3 30 1 17 85 13 66 97 59 17 13 52 71 75 64 70 19 14 34
100 3
44 60 96 28 89 7 71 44 20 92 5 77 47 92 26 92 38 29 25 83 56 7 98 53 25 44 94 68 20 5 26 44 26 84 77 91 65 41 94 23 29 77 44 14 39 45 39 17 36 32 47 77 1 67 17 6 44 86 77 88 62 71 48 71 74 37 7 81 83 71 14 13 35 41 7 8 13 92 53 20 92 26 65 19 31 26 2 80 98 80 50 91 92 18 80 52 85 46 41 41
100 3
8 21 50 67 77 28 34 60 56 47 11 50 78 17 98 38 98 80 70 65 61 76 28 16 83 30 23 35 56 2 1 43 85 9 27 45 12 71 25 14 91 32 41 47 14 38 20 5 77 13 28 25 18 65 77 94 5 53 33 92 69 37 44 67 89 11 5 31 95 7 53 40 8 84 77 98 16 18 56 36 62 14 44 37 64 49 75 62 90 10 71 21 82 45 11 63 53 2 97 17
18 2
81 64 39 30 79 27 51 80 28 62 80 59 14 75 36 52 4 95
100 3
52 55 67 13 67 98 94 4 67 59 61 64 29 7 57 29 91 22 40 88 22 43 92 94 94 1 26 94 22 56 74 3 22 40 61 1 79 11 22 67 46 55 83 86 50 91 10 22 61 65 34 39 17 25 32 4 25 86 76 19 46 88 32 19 47 22 91 82 40 61 7 91 88 34 64 43 83 25 94 66 4 59 40 49 89 91 77 59 82 55 16 9 50 94 10 7 95 9 25 68
3 3
68 53 8
100 3
86 14 31 10 1 43 25 7 31 82 88 70 34 85 73 2 94 1 40 56 96 81 33 16 97 73 46 8 25 12 31 46 1 76 12 84 94 54 88 75 81 97 58 52 1 61 80 39 37 37 13 73 47 10 69 72 37 73 34 11 6 28 31 79 7 40 76 49 16 70 64 2 40 67 46 32 2 69 40 97 94 46 5 67 77 66 70 13 23 65 58 73 7 80 85 37 31 8 52 76
25 3
67 44 74 59 41 91 76 5 89 38 65 83 71 64 92 5 37 74 40 76 95 95 49 38 53
100 3
83 24 98 62 10 97 91 76 56 2 89 2 62 31 74 47 59 2 2 47 38 86 31 10 83 34 83 44 83 22 77 22 84 71 1 98 53 71 34 80 92 29 7 47 83 2 19 70 20 62 38 13 89 70 55 92 49 88 65 50 8 86 1 71 26 70 22 74 95 32 83 49 37 53 26 42 92 14 37 65 17 65 35 73 83 35 55 68 82 46 53 92 38 47 29 95 86 75 11 84
100 3
23 76 97 23 70 19 7 88 52 43 21 46 90 19 43 34 79 68 1 92 51 80 76 40 77 14 66 43 55 22 81 59 12 22 83 52 46 31 41 70 98 82 88 33 25 7 47 73 13 73 14 93 91 61 92 73 45 71 1 28 7 19 92 58 55 94 73 28 79 82 32 34 23 16 43 53 40 77 28 28 32 84 14 50 14 70 29 25 77 4 49 22 19 71 68 4 73 14 17 68
100 3
82 89 62 25 79 64 64 73 38 50 1 19 23 79 9 86 1 71 32 7 39 63 79 14 92 29 83 17 17 83 37 65 74 92 57 5 43 14 8 56 83 56 74 96 47 19 46 27 54 30 2 14 26 28 83 58 20 23 83 98 5 26 14 38 69 1 62 68 82 71 81 2 19 52 89 68 8 5 61 8 91 56 66 11 20 28 62 20 47 5 57 65 64 68 56 94 84 50 71 25
100 3
68 52 86 68 83 61 17 57 26 10 13 88 44 62 40 80 67 14 14 48 98 47 32 62 82 44 40 35 32 16 52 59 26 92 29 11 47 85 48 53 32 12 79 68 45 84 30 98 65 20 41 4 20 44 48 59 32 25 49 80 95 80 47 88 41 53 26 65 49 11 68 89 43 67 58 4 69 38 53 33 39 77 97 73 32 4 38 47 25 71 62 79 62 39 97 37 54 96 71 41
18 3
98 40 9 69 7 70 46 98 48 63 14 64 6 44 8 68 22 26
100 3
92 86 22 19 7 19 86 62 53 47 38 59 83 17 83 89 22 53 46 79 53 62 25 37 73 53 74 88 41 95 20 73 65 10 95 66 67 7 26 26 3 16 17 62 91 94 86 44 33 23 22 23 5 16 50 11 79 20 72 14 53 88 37 47 10 14 47 27 70 60 43 53 82 34 44 56 50 83 74 29 75 11 97 28 8 31 78 56 47 70 98 40 8 11 92 26 98 77 31 56
100 3
13 40 61 32 75 82 26 79 49 59 52 2 58 97 52 46 40 37 82 57 61 7 38 44 16 16 71 91 52 52 22 40 51 85 1 61 13 41 68 7 85 40 34 94 21 22 46 2 52 46 79 73 64 41 76 28 50 67 4 79 76 73 32 37 31 5 25 91 98 67 64 26 73 62 64 50 67 38 44 37 94 96 48 8 39 64 77 10 8 31 5 37 79 47 77 98 77 58 97 8
100 3
94 18 82 36 46 73 73 81 94 92 12 58 28 55 80 68 88 46 89 29 64 47 46 17 92 92 94 92 52 1 26 13 35 85 17 73 40 52 69 15 40 49 34 74 10 27 83 37 14 4 95 41 92 6 4 28 94 5 97 88 88 31 40 38 95 7 46 41 19 13 91 7 72 40 22 5 55 47 47 55 72 73 68 10 70 97 28 78 51 35 66 67 94 64 17 49 64 54 98 48
100 3
97 55 71 37 70 58 88 23 55 31 86 94 71 70 64 53 95 44 68 7 80 73 46 13 16 13 55 81 64 77 4 68 61 4 13 85 85 58 94 70 34 7 50 38 41 89 68 67 4 66 37 13 67 25 70 55 76 43 85 1 80 5 88 79 93 31 79 73 37 46 1 68 88 56 36 82 16 94 94 93 72 85 94 16 17 52 52 70 31 91 58 52 88 47 1 25 46 64 49 92
2 2
25 7
100 3
92 17 23 61 20 23 14 95 50 44 83 47 62 95 27 92 36 8 26 20 22 26 26 26 90 14 11 50 10 20 47 27 35 32 55 2 79 34 32 14 56 7 86 77 91 76 44 47 56 9 18 41 80 98 38 80 65 49 80 26 32 39 91 84 28 14 62 29 41 65 47 26 51 41 58 80 64 40 88 26 90 71 58 2 14 71 68 95 44 85 57 47 50 83 5 30 62 68 92 67
19 3
14 8 44 69 91 82 14 74 74 37 11 43 8 74 55 29 28 55 32
100 3
64 16 92 40 38 32 52 22 32 7 13 61 13 67 85 83 20 62 82 26 97 67 17 2 67 23 91 25 35 56 11 35 49 35 17 88 10 98 71 4 31 38 47 71 67 62 35 94 49 95 71 19 79 10 28 68 79 7 80 94 80 77 80 59 71 23 82 52 37 82 77 10 85 76 98 43 34 97 74 23 2 86 34 71 46 80 11 92 44 64 65 85 34 73 88 5 17 61 2 26
2 3
74 47
100 3
95 14 59 32 11 80 41 5 5 44 8 38 92 92 28 35 19 47 38 86 58 86 98 29 28 91 54 98 82 10 50 61 65 11 23 47 8 92 17 80 47 23 65 86 38 69 40 94 40 67 34 59 8 2 97 71 25 75 76 28 98 71 98 91 25 17 90 92 2 23 16 23 62 3 97 32 47 21 80 20 41 71 79 29 85 62 65 47 43 94 80 7 15 61 91 34 45 5 97 35
100 3
56 51 1 29 58 44 29 38 32 26 79 47 95 50 71 92 35 58 80 52 29 70 92 14 66 19 43 86 55 11 39 59 1 28 86 71 73 68 50 44 62 59 57 89 27 94 47 20 87 86 27 77 92 68 64 80 37 26 11 61 32 64 64 89 80 20 46 79 74 23 44 38 11 33 59 41 44 14 65 11 38 44 29 70 41 45 98 97 12 90 32 96 12 40 71 63 67 43 4 62
100 3
82 79 92 7 37 22 49 89 49 69 22 21 97 81 49 89 31 46 31 1 37 35 79 79 76 64 4 42 94 74 40 62 96 4 76 76 47 6 80 61 13 22 59 46 51 58 58 52 54 71 7 25 26 28 79 12 46 89 70 98 11 10 32 71 1 91 19 84 64 91 49 49 64 88 14 4 50 67 65 55 32 25 58 37 34 67 52 12 28 60 32 79 65 46 43 16 94 43 38 13
100 3
56 47 27 92 64 56 10 29 70 88 95 53 90 86 65 2 47 96 77 53 86 68 83 80 74 71 5 11 94 7 43 83 11 77 56 50 38 17 86 2 38 98 23 59 8 44 10 25 56 87 43 77 35 50 59 47 32 74 27 9 77 29 71 97 22 59 38 69 11 38 56 48 86 41 49 88 97 41 41 83 20 56 71 3 62 92 82 5 88 63 19 66 53 98 32 11 65 14 71 50
100 3
35 64 82 4 35 44 1 26 97 2 29 94 50 7 92 23 73 80 53 35 88 55 92 49 47 79 23 77 17 58 46 14 53 98 82 68 49 64 61 31 82 88 25 58 71 83 4 58 85 10 83 20 20 52 35 98 59 85 10 40 80 92 22 17 80 46 59 83 89 25 97 11 40 10 50 41 50 80 10 83 2 1 37 28 47 5 95 16 17 85 71 40 92 2 26 11 32 11 79 83
100 3
40 47 74 94 59 29 95 92 14 5 89 63 67 74 95 44 32 82 69 17 77 32 80 31 5 80 74 38 7 35 24 11 68 50 12 2 41 96 35 98 80 16 8 26 29 7 28 7 33 74 25 65 85 7 56 62 19 86 77 21 86 2 18 43 44 89 87 66 89 56 31 80 16 47 53 29 53 33 82 89 89 50 10 86 65 52 8 26 38 58 13 66 14 29 76 53 45 68 91 39
100 3
56 89 14 65 40 78 16 59 21 55 63 51 62 12 61 94 78 2 29 53 29 38 88 78 4 25 11 62 71 14 56 97 80 87 76 4 81 70 50 17 92 74 70 80 58 22 1 96 2 23 98 19 83 70 89 96 7 36 92 34 31 97 53 85 38 29 32 98 76 23 1 95 80 70 31 71 13 71 86 8 2 20 59 17 63 26 17 28 44 44 24 73 25 23 95 56 26 23 91 74
100 3
86 76 92 11 15 48 96 91 98 68 95 79 11 55 65 8 15 95 86 10 5 8 41 83 7 80 68 35 86 23 26 17 59 14 59 17 44 35 73 9 75 49 39 50 54 28 89 74 2 8 26 8 29 22 50 97 68 56 79 49 14 38 62 14 56 4 88 56 1 47 86 17 47 98 41 62 98 8 1 92 92 77 98 17 95 33 30 98 71 28 95 20 64 91 40 83 14 97 65 32
100 3
88 78 10 23 7 34 80 45 52 68 72 22 80 37 55 51 85 76 11 5 31 82 63 17 66 11 61 14 20 28 67 21 79 28 49 43 76 55 68 63 7 72 52 68 40 2 76 7 3 37 19 77 37 56 62 22 49 34 31 40 94 17 53 46 89 37 24 70 73 85 70 70 22 70 20 49 88 80 52 97 34 82 20 10 16 49 88 3 97 81 35 80 58 49 41 85 8 4 4 64
100 3
64 28 4 43 20 61 9 23 81 46 74 2 60 88 75 50 65 13 63 49 17 7 70 17 50 10 37 81 79 77 11 34 91 73 91 82 22 72 14 28 44 73 61 53 3 94 64 7 92 83 85 62 46 13 40 88 91 61 46 62 41 89 67 58 40 77 76 55 1 7 13 60 73 92 81 86 21 96 79 43 76 16 49 20 86 22 22 41 86 25 1 64 52 5 86 4 43 3 91 50
100 3
59 89 62 8 45 38 74 77 32 48 43 71 27 92 11 17 44 50 74 34 5 92 2 82 77 47 13 20 17 66 92 56 56 89 88 37 26 35 28 8 86 8 11 59 53 76 73 92 71 83 7 34 66 83 22 25 92 53 80 26 82 2 50 14 59 9 68 26 8 53 31 74 92 83 29 43 38 98 89 56 5 56 94 58 21 32 51 32 63 2 11 95 47 82 31 85 23 52 77 2
100 3
53 97 43 23 71 29 88 38 88 88 11 89 92 47 1 20 89 62 38 62 3 70 65 45 44 20 46 51 36 32 44 89 53 84 23 20 59 86 55 90 32 93 65 11 83 14 74 38 13 56 39 95 84 31 68 55 86 97 44 11 50 5 23 20 50 14 26 34 44 11 40 43 79 11 56 92 16 47 96 86 74 23 37 98 97 81 71 73 68 53 56 56 6 10 59 35 53 26 65 83
100 3
31 20 33 97 77 41 80 5 4 84 98 74 23 19 2 83 38 11 49 65 22 4 53 43 73 80 58 83 24 74 98 95 10 23 7 98 40 55 7 44 78 89 67 49 8 89 84 51 50 17 34 56 8 25 35 17 65 83 56 68 73 33 41 43 10 51 52 6 17 28 89 32 80 10 98 61 98 59 1 20 68 74 41 31 80 4 67 74 28 38 14 23 35 82 20 98 73 8 7 81
100 3
84 32 20 71 98 8 14 74 41 29 80 10 62 25 62 77 97 82 7 86 23 61 60 98 43 17 65 59 28 23 68 20 97 80 5 26 63 77 7 1 52 92 49 1 52 92 92 73 21 75 77 30 88 64 29 2 98 61 43 35 26 83 65 29 53 26 17 34 26 8 41 71 98 1 63 92 40 29 53 26 31 78 53 7 80 47 32 70 32 9 5 89 77 98 92 23 10 64 23 16
100 3
38 73 71 56 67 49 94 52 31 20 79 11 18 50 34 10 49 73 52 91 28 77 75 82 35 4 4 7 58 73 26 87 73 80 10 31 98 52 47 4 79 98 46 1 37 20 7 67 23 6 7 52 68 4 88 32 11 18 4 67 19 25 40 4 78 52 43 37 64 88 87 9 77 40 97 15 94 43 52 62 82 6 19 62 55 98 85 14 37 11 95 91 40 79 5 90 49 1 4 97
100 3
81 41 80 23 73 50 82 70 65 36 71 17 80 55 59 74 68 80 86 2 73 84 46 24 61 6 82 32 13 52 97 95 34 49 67 73 89 70 77 37 34 65 88 6 8 32 96 85 7 20 61 64 1 47 34 1 22 14 31 34 25 59 19 13 34 73 49 7 34 91 36 80 44 55 95 15 52 85 31 89 92 10 40 49 8 7 52 37 32 30 19 94 48 64 86 7 45 50 16 46
100 3
26 50 92 5 13 23 28 35 92 46 71 53 26 23 94 59 52 14 49 49 89 14 76 8 25 47 43 52 74 94 59 92 78 62 34 18 89 44 23 83 88 38 21 38 91 31 82 82 84 72 88 83 71 95 29 28 7 80 41 10 34 89 67 25 98 26 11 11 71 11 84 83 55 48 77 42 22 40 98 38 84 38 23 31 56 22 49 52 56 5 79 61 5 13 95 77 65 14 92 20
100 3
95 62 49 58 2 53 45 22 47 11 91 5 36 49 80 80 14 13 4 94 88 52 5 14 2 38 72 65 23 41 53 44 38 97 58 35 69 31 37 29 47 97 13 71 92 83 46 98 2 29 23 23 33 88 56 1 44 33 89 31 14 92 76 40 59 95 58 70 4 11 71 14 23 94 53 50 56 37 8 86 15 59 61 12 29 88 38 1 50 61 41 83 8 10 12 84 83 80 55 14
100 3
94 13 65 93 87 59 86 20 57 74 20 79 73 25 10 41 2 85 74 91 44 65 10 27 23 76 22 25 10 79 88 52 3 43 23 76 5 49 18 14 33 70 10 50 76 61 28 44 54 63 23 88 98 95 55 67 11 43 31 54 36 67 76 34 46 10 58 91 46 80 4 72 85 61 73 31 37 35 65 40 17 22 59 40 6 73 55 52 71 64 8 32 80 67 5 62 1 98 24 76
1 3
52
100 3
79 58 51 75 37 62 43 94 90 62 6 3 52 65 35 95 52 31 86 77 16 18 16 78 4 86 19 96 27 23 77 41 59 80 98 25 23 11 89 38 53 50 85 8 37 20 52 30 20 23 67 14 25 7 41 74 41 20 71 52 34 50 4 83 59 86 41 96 81 24 4 95 29 44 34 59 16 56 38 86 22 8 22 38 77 31 45 50 33 73 80 57 1 29 42 90 32 59 81 77
100 3
46 88 43 82 12 77 53 74 58 67 34 64 38 8 93 79 91 11 91 56 70 31 79 72 79 17 16 73 79 28 52 7 37 92 86 89 71 10 68 67 61 22 95 43 35 34 71 88 97 94 94 10 88 8 46 10 60 91 82 4 1 61 28 53 1 65 75 46 89 31 43 34 91 4 61 44 82 70 73 97 94 79 19 61 69 49 79 81 1 37 49 66 64 67 4 94 98 14 53 82
100 3
89 83 54 47 48 88 48 84 14 50 46 53 35 64 18 71 47 44 38 8 83 23 65 55 62 62 56 16 26 11 63 49 14 28 98 95 98 7 95 79 77 55 17 67 62 39 89 59 68 80 56 8 43 29 94 65 47 67 52 41 59 83 23 95 56 38 21 49 8 61 86 82 65 53 27 71 11 58 23 98 49 53 26 20 29 52 89 53 24 9 84 22 23 38 74 94 64 76 44 26
22 3
13 25 4 65 10 29 27 47 11 61 55 34 19 70 34 56 59 58 10 91 82 19
100 3
35 93 97 95 14 73 17 64 22 37 68 94 96 31 44 28 37 97 10 5 46 73 73 48 92 76 41 5 52 6 65 34 79 24 25 33 50 37 61 86 25 35 11 13 40 28 65 19 52 88 79 79 68 85 38 34 68 29 21 73 14 67 74 88 34 41 25 7 58 34 19 88 43 73 44 79 4 26 79 86 89 97 28 61 41 40 88 43 40 7 53 59 95 16 9 28 73 40 18 86
100 3
22 16 58 63 83 10 83 68 44 25 41 80 98 2 61 77 98 74 12 30 59 68 46 31 73 47 12 5 56 74 94 33 68 89 71 95 62 68 32 23 22 14 46 62 35 50 8 56 59 13 34 32 78 32 47 98 71 83 62 98 62 95 47 27 13 65 71 77 44 71 97 5 55 28 74 29 14 95 41 4 46 34 86 3 87 5 91 47 59 3 32 5 35 56 83 31 62 44 59 88
100 3
85 37 23 40 37 94 38 95 50 91 64 74 86 43 49 88 22 31 19 69 29 74 67 45 52 85 34 67 49 85 1 92 44 7 70 34 11 94 72 91 66 68 1 31 70 74 43 85 64 61 41 20 58 1 31 7 13 55 19 58 84 2 30 17 60 92 85 34 11 27 25 87 8 25 15 79 40 43 13 91 34 58 28 20 82 10 92 1 64 28 53 49 56 63 76 49 28 22 74 34
100 3
32 53 37 33 52 29 50 70 77 6 17 29 86 49 37 11 37 56 56 74 80 13 43 98 50 90 35 7 80 26 94 92 80 95 53 80 65 5 88 86 32 95 20 23 83 38 45 96 73 28 5 58 74 44 53 86 48 20 40 71 73 62 80 54 42 49 62 35 94 80 86 88 4 16 45 17 75 22 46 38 17 37 40 23 68 14 80 95 82 37 85 60 1 49 1 89 2 32 3 40
100 3
59 44 20 23 71 67 35 41 52 28 82 15 38 1 32 70 68 77 22 68 5 5 55 41 80 59 39 68 73 22 70 38 56 74 31 14 50 73 83 1 65 50 56 67 71 35 23 89 49 67 98 10 50 53 5 40 97 65 41 20 4 17 23 95 2 61 83 35 74 75 68 28 7 59 68 80 17 18 29 96 62 59 4 83 26 95 44 65 72 83 84 49 20 62 76 20 1 77 55 74
1 3
77
13 3
65 23 79 43 41 85 19 16 65 71 20 20 52
26 3
73 75 64 70 8 71 7 61 19 16 19 20 25 72 22 76 13 27 44 47 16 72 98 71 14 1
100 3
8 6 59 65 95 4 53 56 94 76 95 38 11 20 47 89 56 17 93 71 83 68 97 77 77 23 34 35 11 63 73 2 53 22 95 74 79 39 28 88 25 5 56 50 74 2 71 20 88 32 95 16 30 10 83 70 67 35 59 11 8 61 62 50 50 27 16 67 50 95 32 59 75 35 83 98 73 77 5 23 2 86 80 90 20 71 23 32 71 67 26 13 75 65 38 52 23 82 26 17
100 3
91 20 85 52 63 77 28 18 40 50 86 22 85 76 10 53 68 37 48 4 52 53 71 91 61 86 97 7 76 88 61 31 83 27 19 25 11 47 26 22 11 41 91 63 82 55 98 31 13 77 61 13 70 29 14 86 7 88 49 79 41 52 5 95 55 16 8 72 12 67 82 19 28 85 92 79 81 62 74 68 10 73 94 65 91 91 26 70 76 13 9 38 28 8 32 80 73 2 32 37
18 2
16 6 47 13 38 82 23 34 32 39 58 12 70 49 4 77 48 79
100 3
5 29 5 36 41 27 92 2 35 71 28 16 52 65 62 59 37 14 13 29 5 85 74 20 23 25 34 44 45 98 13 77 77 35 38 77 95 26 37 9 67 98 64 94 98 97 8 96 84 74 11 77 17 75 11 72 59 89 74 74 17 34 68 71 74 80 2 95 72 64 88 95 11 13 55 11 32 70 88 40 85 38 23 58 75 32 8 65 65 85 37 67 80 32 47 40 34 95 58 47
13 3
59 75 83 58 71 82 53 29 4 4 34 62 40
100 2
8 61 35 46 11 58 53 40 22 98 19 47 5 19 94 28 69 5 16 6 1 80 40 52 37 94 39 81 60 43 24 27 93 53 17 87 81 65 54 9 65 26 58 85 46 33 3 60 19 5 13 80 92 49 56 41 82 20 14 96 86 78 54 8 43 57 44 24 53 26 9 25 42 97 75 50 99 69 39 99 48 35 16 3 45 62 10 6 24 63 72 67 54 44 70 17 71 24 38 90
20 3
19 41 86 14 89 2 47 16 5 98 86 94 80 19 35 95 19 74 53 35
100 3
10 2 17 66 45 83 41 17 12 90 95 75 96 84 31 44 95 18 53 60 1 70 79 59 39 74 21 18 10 21 26 24 2 61 14 79 22 53 82 49 31 14 68 74 13 86 86 98 12 86 78 37 64 79 51 69 49 22 8 38 50 96 37 74 49 74 96 28 73 25 15 71 93 55 89 76 3 88 43 51 24 29 69 92 9 2 56 27 67 30 46 51 93 60 14 49 16 96 40 7
14 3
44 77 8 34 97 66 46 86 38 58 55 68 73 14
100 3
16 76 41 97 68 98 4 12 61 97 28 37 1 52 46 37 88 55 58 26 64 43 34 15 13 19 91 25 22 59 46 28 68 66 11 86 76 31 55 17 21 67 10 76 34 58 58 13 20 80 65 72 58 37 14 83 67 70 52 70 85 97 22 61 13 58 53 7 10 10 6 11 20 73 85 34 40 17 63 92 50 44 59 92 70 94 65 58 7 97 44 85 23 97 14 37 22 82 60 65
100 3
80 72 77 96 55 88 64 95 8 22 24 85 86 74 32 13 11 67 37 27 71 16 89 17 85 56 56 41 71 86 59 94 32 53 23 11 53 38 29 89 20 8 60 41 22 53 61 26 83 2 26 86 2 74 83 62 79 4 43 23 19 26 2 2 95 65 95 64 83 41 56 68 34 5 93 26 41 94 8 90 1 75 19 5 92 29 56 86 33 46 59 98 4 14 71 32 83 19 16 24
1 2
57
19 3
55 48 33 18 22 49 89 56 24 94 7 58 32 38 62 74 4 18 56
100 3
86 56 77 50 14 17 92 32 17 7 31 26 2 65 76 31 1 44 60 86 68 59 62 77 83 75 5 59 17 29 44 47 17 35 59 14 71 14 73 53 29 20 76 13 53 23 92 31 74 2 80 86 11 80 36 5 2 41 69 26 52 1 82 83 47 41 39 2 98 20 14 71 29 14 66 50 65 20 67 77 94 92 52 31 17 20 25 80 16 1 94 83 58 14 16 74 13 31 41 2
100 3
11 62 76 86 56 49 52 77 82 67 68 19 17 76 26 86 41 5 80 26 26 69 84 73 36 29 94 48 17 55 83 26 59 89 83 75 29 58 67 5 62 35 45 38 74 62 79 20 47 17 46 29 74 71 27 53 75 37 96 74 62 20 83 62 74 65 97 21 56 77 62 17 46 69 15 35 56 30 14 87 31 65 32 62 26 20 65 6 34 56 80 17 50 9 47 44 17 41 4 44
24 3
15 47 97 25 71 2 16 52 40 85 10 79 31 88 12 38 96 46 14 44 92 70 9 35
100 3
36 1 83 50 79 14 50 41 53 86 23 8 67 2 47 92 34 73 58 23 32 74 5 66 59 65 62 77 18 7 5 20 76 79 97 1 14 52 85 59 88 58 50 14 22 44 62 20 43 85 67 70 28 29 80 83 50 79 43 31 57 44 71 13 85 61 58 38 65 10 74 15 53 10 73 2 76 11 92 67 7 98 17 20 30 75 54 77 95 40 17 76 7 26 47 89 92 95 17 14
100 3
14 41 52 1 64 40 82 47 88 22 48 1 97 34 10 52 13 2 4 41 10 31 55 83 3 49 11 56 16 20 73 96 83 79 43 16 13 85 31 58 19 88 8 28 68 95 98 1 22 19 52 20 74 37 41 95 53 23 16 87 59 1 1 50 13 88 25 28 7 97 52 37 81 63 43 46 83 68 32 37 23 73 29 46 67 95 94 82 52 92 40 25 3 31 98 94 19 49 28 31
2 3
55 94
100 3
96 88 93 40 34 61 76 29 71 87 57 2 94 26 13 8 83 76 82 40 28 91 98 79 37 30 77 91 76 65 82 37 67 49 25 44 4 43 43 19 50 37 49 65 64 73 85 52 70 58 65 13 19 29 54 58 16 91 34 10 24 35 93 1 20 55 58 49 56 89 58 19 61 94 28 88 14 70 9 19 19 85 59 67 67 36 32 7 10 40 92 52 44 10 64 13 32 14 4 43
100 3
65 22 71 93 1 29 8 50 95 53 12 91 86 28 45 24 71 55 53 47 80 37 37 77 29 10 11 53 57 77 97 4 49 17 50 80 11 68 20 39 59 46 80 55 38 86 83 11 32 2 5 88 47 13 57 89 5 80 86 56 20 1 26 47 50 50 31 51 89 5 16 81 47 89 35 2 25 80 73 27 16 56 92 74 26 44 10 46 89 71 97 25 98 20 29 4 74 28 25 18
100 3
56 49 95 2 81 95 2 67 49 65 33 7 92 46 96 71 19 12 49 46 94 49 82 64 37 82 46 71 34 59 32 2 10 2 67 22 58 1 7 37 43 37 73 75 53 79 18 88 21 22 10 61 91 1 7 47 44 24 10 51 6 29 50 36 26 87 84 10 94 50 4 31 43 28 17 40 76 50 34 27 56 16 41 22 67 8 75 79 23 1 5 22 52 33 11 4 37 57 74 34
100 3
29 73 7 1 1 27 71 98 89 52 40 10 52 79 58 43 64 16 63 29 94 8 19 43 40 79 29 34 11 81 34 94 41 94 10 84 11 61 70 19 22 89 31 94 25 67 35 7 73 82 4 94 14 92 88 5 13 77 21 67 10 29 35 61 91 37 70 94 74 79 66 25 88 91 43 21 65 58 13 40 55 77 44 61 79 5 40 59 34 56 82 73 62 89 28 19 22 82 70 92
100 3
8 5 29 59 88 21 81 91 95 65 97 50 89 62 95 59 86 73 94 19 59 59 17 35 55 55 13 53 83 23 22 90 22 81 26 88 52 58 26 71 68 3 52 38 6 74 24 95 8 52 11 77 2 29 38 17 70 38 10 32 44 14 98 70 44 43 71 37 58 77 7 4 2 16 11 94 19 28 11 18 22 71 53 2 74 11 67 62 73 44 53 74 35 65 27 73 58 8 71 14
100 3
10 28 53 45 16 22 22 17 56 61 76 56 19 16 62 38 92 71 41 28 59 92 86 2 74 16 52 5 78 15 21 68 32 94 41 17 21 83 26 52 88 74 68 11 39 71 62 10 13 29 20 23 37 98 56 32 52 95 50 2 9 29 65 89 7 5 93 38 66 41 17 52 88 65 32 62 32 11 34 38 20 59 17 52 58 88 2 89 2 56 70 57 48 48 29 3 83 60 19 23
100 3
20 93 55 34 97 61 87 34 19 85 58 72 55 4 92 16 91 31 1 86 16 1 96 79 74 52 85 2 82 22 55 95 37 70 58 37 19 49 42 52 31 85 96 10 97 40 95 11 50 43 82 13 29 94 49 21 10 42 39 62 94 93 14 80 10 73 70 52 19 80 91 25 7 70 74 58 7 2 47 49 22 73 75 49 78 38 40 71 19 16 28 92 58 64 91 49 62 11 19 4
100 3
82 97 45 73 80 7 92 26 48 50 59 71 53 37 76 47 1 43 14 19 51 60 52 24 29 92 21 14 55 7 31 67 23 58 19 64 43 55 1 1 41 85 5 43 13 73 85 90 73 42 52 50 95 19 61 88 60 88 83 52 54 55 16 47 51 73 82 49 64 10 83 27 54 51 4 73 4 29 31 61 53 49 76 25 65 55 2 85 1 76 58 1 88 75 22 34 44 67 6 65
1 3
78
100 3
32 30 64 92 77 60 89 15 83 11 86 5 49 91 52 67 55 52 89 47 65 88 92 7 42 23 91 59 67 31 67 13 20 17 37 7 95 2 1 8 95 44 86 45 34 65 4 32 40 20 87 85 71 17 92 44 79 80 65 15 20 61 25 86 81 20 23 80 4 44 41 23 23 6 23 13 78 16 11 47 82 11 40 64 85 51 86 26 80 29 35 50 41 48 64 68 8 6 29 91
100 3
49 22 82 94 25 71 97 20 49 10 19 23 59 82 38 59 61 83 25 13 28 49 22 74 52 40 97 49 35 94 13 63 49 49 82 61 7 14 25 66 53 85 20 67 5 74 2 68 61 77 91 40 87 17 92 64 73 58 97 40 80 16 73 71 75 83 1 61 10 13 10 49 61 35 49 8 5 87 87 16 15 59 82 68 14 13 11 89 79 70 70 4 26 74 25 12 2 20 37 2
100 3
58 88 88 49 82 37 94 49 22 97 94 86 42 61 64 98 88 19 13 9 91 32 74 56 79 10 72 13 70 67 52 55 66 7 46 40 34 79 49 34 58 46 58 32 64 4 88 43 25 22 18 94 44 55 25 88 65 39 70 71 19 93 5 86 68 88 82 3 50 2 70 35 74 61 7 8 3 40 23 76 49 22 35 86 85 64 84 37 98 39 37 72 82 47 49 71 16 43 52 57
100 3
93 65 40 17 49 56 35 53 72 34 76 46 26 4 68 80 18 58 20 98 29 1 5 83 50 80 62 25 65 17 62 34 28 19 2 17 17 5 66 74 29 71 86 11 56 31 39 2 14 86 26 16 34 62 98 81 62 38 56 85 84 85 11 71 82 35 6 80 83 72 88 25 62 79 2 8 47 85 10 32 92 20 16 2 3 10 47 88 4 86 38 53 11 77 79 5 89 29 80 53
