100
2 1
500 300
900
660
2 1
500 300
1500
809
2 2
50 100
450 449
1100 1101
2 1
500 300
300
500
1 8
10
11 13 17 11 16 14 12 18
2 8
4 5
4 4 4 4 4 36 4 4
5 5 55 5 5 5 5 5
2 8
6 8
1320 1080 1200 1178 1200 1198 1218 1196
1586 1600 1513 1440 1760 1600 1524 1653
2 2
4 10
765 880
1978 1800
2 8
10 8
7700 3886 1043 8034 5000 6233 3087 2200
857 6279 5040 1440 4000 5086 2907 2200
2 3
4 2
5912 6787 5760
3520 2891 3497
1 4
3
2304 2112 2212 1935
2 7
7 10
13736 4370 8470 10976 9100 4620 13518
19230 9900 5400 16177 6237 13000 19841
2 6
3 8
3 3 6 33 3 22
8 15 61 8 8 72
2 6
3 5
4500 4688 4103 4500 4050 4224
8250 7500 7111 7500 7684 7509
2 7
6 8
639 1155 2621 3000 3711 4024 1620
837 2640 5058 4000 1577 3432 5418
2 8
1 1
1000000 999999 999998 999997 999996 999995 999994 999993
999992 999991 999990 999989 999988 999987 999986 999985
1 7
7
50 77 42 46 56 7 21
1 5
10
77 40 65 90 21
1 7
10
15452 16399 15790 14490 14400 16113 15950
2 8
1 9
426 364 404 366 440 400 440 436
3240 3600 3240 3624 3590 3569 3642 3304
2 8
9 3
36 9 81 17 33 9 9 43
13 3 3 12 6 14 33 3
1 6
10
19574 20000 22110 21379 19308 18090
2 7
293553 76399
946535 678601 726688 956894 810045 812914 923402
313480 973873 890206 898766 978686 907676 680162
2 2
6 5
600 1320
900 500
2 5
5 3
7513 10155 6300 12000 5899
4643 5686 3562 4620 7200
2 2
100185 73524
990758 985314
678137 805576
1 1
6
4183
1 2
4
7569 7200
2 2
5 6
40 9
12 48
1 1
7
14022
2 8
326510 236684
935273 867776 956576 982259 788140 981865 996788 386095
962447 990847 561000 967859 977645 575890 834754 829073
2 5
7 4
1277 2100 630 3628 2736
1442 2092 1200 440 770
1 8
8
3210 3200 3057 3264 3518 3520 3144 3200
1 7
4
1080 2596 2857 407 1600 1836 821
2 7
9 7
18 66 99 54 99 36 59
63 63 51 14 43 42 28
1 2
128225
932117 644240
1 6
6
2430 1730 1215 3600 3300 600
2 4
7 5
13860 6300 11997 4780
8100 9184 3435 4500
1 6
9
4050 2700 3595 5699 922 1645
2 3
5 4
5 5 5
4 4 4
2 7
1 6
293 184 420 100 633 600 450
3875 3600 1277 600 1642 2413 3300
2 3
6 8
2160 2519 2304
3026 3085 3520
2 8
4 9
6497 6973 6400 6448 5760 7040 5776 6387
13954 12960 13171 14492 14400 15840 14471 14609
1 4
2
180 431 738 600
1 6
10
11401 11417 11030 10970 10096 12210
1 8
7
646 654 700 706 696 700 741 630
2 1
7 4
16749
9483
1 7
10
76 83 110 50 28 39 56
2 8
637144 48271
256319 936937 811996 964128 793080 930411 997175 986363
938539 998252 771576 843743 470112 835597 546341 561092
2 7
3 7
18 9 12 27 26 11 20
44 26 46 77 28 58 20
2 5
7 10
2191 1890 2148 2100 2013
3300 3257 3000 3138 2778
2 6
9 2
6580 6602 6040 6300 6075 6930
1490 1400 1359 1320 1260 1297
1 3
1000000
899999 900001 900000
1 5
235412
877680 821398 999864 890597 675724
1 4
7
1376 1890 735 2718
1 8
483118
986870 741262 116603 996061 933243 755713 517669 938936
1 2
1
1401 1501
1 7
7
7 7 7 7 7 7 77
2 8
1 2
1 2 4 4 7 11 6 4
4 18 8 13 8 8 14 2
2 8
353645 1452
734768 615678 697483 807558 967822 564942 746877 929527
306773 924153 700879 746105 959825 840095 382644 884295
1 7
3
3 3 3 33 3 3 3
2 8
6 4
7798 7986 6534 6835 7230 7323 6911 7200
4356 4800 4918 4959 5324 4820 4457 4599
2 8
2 9
12 22 4 6 10 2 22 4
41 54 81 28 9 19 18 81
2 8
224954 15561
952959 817447 976387 520478 801715 597254 932330 945528
942211 987496 950911 816186 716837 656852 922720 999898
2 8
9 2
81 9 9 9 9 9 9 9
22 2 2 2 2 2 2 2
2 8
1 2
373 743 100 600 275 756 203 450
876 200 1458 1200 570 1428 421 1100
2 8
6 7
4552 4200 3780 3944 4455 4112 4200 4012
4683 5233 4900 4900 5279 4800 5390 4498
2 6
5 2
3500 1650 7750 10918 4273 11854
1766 3054 4510 1400 540 4499
1 7
12328
978686 855397 645223 873810 574329 967561 144296
2 2
4 10
8927 9240
23032 18900
2 8
4 10
5229 2160 360 3453 6560 10000 8548 3315
21849 8800 1100 25000 6600 8248 17439 12723
2 4
41699 66503
803911 236124 999736 706844
976358 881544 928708 879571
1 6
8
4243 7200 10243 8544 3154 6160
1 4
6
12600 7494 12611 8640
2 7
8 1
56 88 61 88 64 26 37
9 8 3 5 9 7 8
2 8
2 3
5280 5232 4909 5167 4340 4800 4603 4544
6841 6480 7374 6679 7166 6562 7200 7482
1 3
7
6926 6222 6300
1 4
54729
696504 551903 813296 699013
2 8
7 10
7 63 7 7 7 63 7 7
10 10 10 10 10 110 9 110
2 6
8 1
12707 12681 2880 3302 16800 7040
720 1574 420 2100 440 1597
2 3
1 5
188 300 90
1500 929 550
2 4
1 7
770 1545 2500 1663
4410 10863 11531 17500
2 7
9 2
4500 4860 2608 6511 1635 990 3845
843 180 591 431 1000 1320 1512
1 8
10
5 8 7 1 3 2 6 4
1 2
3
33 22
1 4
5
1000 914 1073 900
1 7
326691
91579 967599 966223 222825 591909 934260 937479
1 4
300091
682331 389720 253066 889411
1 7
6
12 19 24 66 36 6 27
1 4
8
1725 1769 1446 1760
2 3
174913 425946
102440 543848 938508
245238 573660 734617
2 8
6 3
11177 10921 10854 12646 11624 12024 12000 12642
6000 6222 6012 6342 6633 5682 5694 5946
2 1
5 1
8000
1600
2 8
3 4
5451 1620 2160 7200 4918 6600 847 5959
8464 9600 3520 8800 1132 6519 2640 8381
2 2
75545 76249
885250 904129
985727 812146
1 3
8
9926 9543 12102
2 4
7 10
77 35 59 49
63 90 85 50
1 1
9
816
1 1
1
880
2 6
3 10
3600 5928 4860 8250 2738 7913
22500 26395 12000 9422 19800 18337
