100
11 5 16 5 0 0
3 1 3 2 2 0
3 1 3 2 1 0
2 1 5 1 1 1
80 15 55 89 33 87
91 1 96 44 0 1
99 1 23 48 0 4
90 1 22 45 0 4
91 1 45 45 0 2
94 1 23 47 0 4
95 4 23 34 0 0
99 1 32 52 0 3
91 1 91 46 0 1
88 7 48 60 0 0
92 1 95 47 0 1
90 1 97 46 0 1
98 1 23 52 0 4
63 1 24 42 3 8
50 1 92 20 2 5
98 1 93 50 0 1
64 1 94 61 1 46
80 1 19 100 2 9
98 1 95 49 0 1
99 1 97 49 0 1
97 1 33 47 0 3
99 1 90 50 0 1
93 1 24 49 0 4
91 1 92 46 0 1
79 1 45 86 2 35
91 1 93 45 0 1
99 1 49 51 0 2
98 1 94 48 0 1
99 2 2 8 0 0
96 1 90 47 0 1
93 1 97 46 0 1
92 4 72 47 33 11
2 2 5 17 1 1
90 1 22 47 0 4
96 1 93 47 0 1
3 11 31 1 5 2
91 1 48 45 0 2
93 1 31 45 0 3
62 1 48 30 4 2
93 1 96 45 0 1
98 1 96 48 0 1
96 1 94 49 0 1
92 1 93 46 0 1
93 1 94 45 0 1
90 1 97 44 0 1
91 1 14 45 1 11
94 1 31 50 0 3
92 1 19 23 0 0
28 2 30 13 2 2
84 17 96 45 4 9
82 1 16 49 1 9
94 1 32 48 0 3
77 1 98 34 4 3
95 1 48 47 0 2
36 41 85 76 28 49
71 1 59 37 1 4
95 1 90 46 0 1
94 1 90 46 0 1
92 1 92 46 0 1
96 1 31 51 0 3
98 1 99 49 0 1
95 1 93 48 0 1
93 1 47 45 0 2
92 1 90 45 0 1
96 17 91 92 12 9
92 1 92 47 0 1
90 1 95 46 0 1
96 1 94 47 0 1
100 1 47 49 0 2
92 1 22 49 0 4
96 1 92 48 0 1
98 1 99 48 0 1
46 1 97 73 3 53
48 1 63 24 4 4
98 1 92 48 0 1
93 1 97 45 0 1
33 1 25 18 3 2
97 1 46 48 0 2
90 1 92 46 0 1
57 1 74 33 16 3
100 1 91 51 0 1
22 1 31 1 1 1
61 1 82 24 1 4
3 1 31 1 1 1
97 1 91 4 2 1
11 76 91 94 3 35
50 1 67 34 4 15
99 1 98 50 0 1
91 1 32 47 0 3
100 1 96 51 0 1
28 5 50 7 0 0
91 1 90 45 0 1
97 1 91 47 0 1
38 1 34 18 1 1
26 1 60 13 3 2
56 2 51 22 2 5
